- t: 2.5
  r: [-1.7222237754293985, 0.095813667991795776, 0.37233959969445807, -1.747928304843918, 3.4998713249469535, -1.7015247505772884, 24.589044777467404]
- t: 1.5
  r: [-0.49843919662293151, 0.030506387355156591, 0.1722167763848399, -0.68038907910178414, 2.7874266020638507, -0.67845600335542311, 23.932321137484124]
  transition: impact
- t: 2.5
  r: [-1.7222237754293985, 0.095813667991795776, 0.37233959969445807, -1.747928304843918, 3.4998713249469535, -1.7015247505772884, 24.589044777467404]

