- t: 2.0
  r: [0.56425782465891205, 0.098182325838720483, -0.8115600833944121, -1.5403271047199389, 0.77926497857514287, -0.088257502204424187, 22.48377866060833]
- t: 2.0
  r: [0.36785204814021277, 0.064767331212460755, 0.12731742500127186, -0.34307332157816439, 0.70626195484353538, -0.092608394214385714, 21.668421497941928]
  transition: impact

